9.600000000000000755e-01
9.600000000000000755e-01
9.600000000000000755e-01
9.199999999999999289e-01
9.600000000000000755e-01
9.600000000000000755e-01
9.600000000000000755e-01
9.600000000000000755e-01
9.600000000000000755e-01
9.600000000000000755e-01
9.600000000000000755e-01
9.600000000000000755e-01
9.600000000000000755e-01
9.600000000000000755e-01
9.387755102040815647e-01
9.600000000000000755e-01
9.600000000000000755e-01
9.600000000000000755e-01
9.387755102040815647e-01
9.600000000000000755e-01
9.387755102040815647e-01
9.600000000000000755e-01
9.600000000000000755e-01
9.600000000000000755e-01
9.600000000000000755e-01
9.600000000000000755e-01
9.600000000000000755e-01
9.600000000000000755e-01
9.600000000000000755e-01
9.387755102040815647e-01
9.600000000000000755e-01
9.387755102040815647e-01
9.600000000000000755e-01
9.600000000000000755e-01
9.600000000000000755e-01
9.600000000000000755e-01
9.600000000000000755e-01
9.600000000000000755e-01
9.600000000000000755e-01
9.600000000000000755e-01
9.600000000000000755e-01
9.600000000000000755e-01
9.600000000000000755e-01
9.600000000000000755e-01
9.600000000000000755e-01
9.600000000000000755e-01
9.600000000000000755e-01
9.600000000000000755e-01
9.600000000000000755e-01
9.600000000000000755e-01
9.600000000000000755e-01
9.600000000000000755e-01
9.600000000000000755e-01
9.600000000000000755e-01
9.600000000000000755e-01
9.600000000000000755e-01
9.600000000000000755e-01
9.600000000000000755e-01
9.600000000000000755e-01
9.600000000000000755e-01
9.600000000000000755e-01
9.600000000000000755e-01
9.600000000000000755e-01
9.600000000000000755e-01
9.600000000000000755e-01
9.600000000000000755e-01
9.600000000000000755e-01
9.600000000000000755e-01
9.600000000000000755e-01
9.600000000000000755e-01
9.600000000000000755e-01
9.600000000000000755e-01
9.600000000000000755e-01
9.600000000000000755e-01
9.387755102040815647e-01
9.600000000000000755e-01
9.600000000000000755e-01
9.600000000000000755e-01
9.600000000000000755e-01
9.600000000000000755e-01
9.600000000000000755e-01
9.600000000000000755e-01
9.600000000000000755e-01
9.600000000000000755e-01
9.600000000000000755e-01
9.600000000000000755e-01
9.600000000000000755e-01
9.387755102040815647e-01
9.600000000000000755e-01
9.600000000000000755e-01
9.600000000000000755e-01
9.600000000000000755e-01
9.600000000000000755e-01
9.600000000000000755e-01
9.600000000000000755e-01
9.600000000000000755e-01
9.600000000000000755e-01
9.600000000000000755e-01
9.600000000000000755e-01
9.600000000000000755e-01
